-18.9775843869
0.779877325083
0.754945093751
0.729176229577
0.841733580028
-17.6057102314
0.513073521264
2.43927889707
0.485823987181
0.860899756694
29.7324989406
1.22829749993
-2.80484378799
1.25114991545
0.925302964591
28.2958959841
0.842131781922
-4.63117027182
0.909014580057
0.0628871521542
-8.63480959485
0.814038736407
-0.768712664598
0.559391869149
0.975131083013
-4.5317941046
-6.37750078556
6.31113159781
-1.01544065895
1.04242760559
-0.884731814187
11.8303810094
-7.08229722481
-13.2031856553
-1.675181334
0.836991679721
-0.529876104956
-1.70385607513
0.107792599983
-0.561596580452
-1.72041340493
0.519115686431
-0.607713331838
