 0  0  0  6.453883e-01
 0  0  1  5.787031e-01
 0  0  2  5.286154e-01
 0  0  3  4.858096e-01
 0  0  4  4.275535e-01
 0  0  5  3.847999e-01
 0  0  6  3.354247e-01
 0  0  7  2.932793e-01
 0  0  8  2.496046e-01
 0  0  9  2.119606e-01
 0  0 10  1.799301e-01
 0  1  0  5.583170e-01
 0  1  1  4.915622e-01
 0  1  2  4.387807e-01
 0  1  3  3.969482e-01
 0  1  4  3.436452e-01
 0  1  5  2.952606e-01
 0  1  6  2.434870e-01
 0  1  7  2.028190e-01
 0  1  8  1.604998e-01
 0  1  9  1.181633e-01
 0  1 10  8.538556e-02
 0  2  0  4.776413e-01
 0  2  1  4.137194e-01
 0  2  2  3.584351e-01
 0  2  3  3.113888e-01
 0  2  4  2.603973e-01
 0  2  5  2.133509e-01
 0  2  6  1.604825e-01
 0  2  7  1.189107e-01
 0  2  8  7.779072e-02
 0  2  9  3.135265e-02
 0  2 10 -1.946506e-03
 0  3  0  4.022837e-01
 0  3  1  3.345905e-01
 0  3  2  2.822607e-01
 0  3  3  2.322946e-01
 0  3  4  1.803646e-01
 0  3  5  1.345522e-01
 0  3  6  7.428005e-02
 0  3  7  3.635795e-02
 0  3  8 -5.213855e-03
 0  3  9 -8.765392e-03
 0  3 10 -3.011240e-03
 0  4  0  3.357027e-01
 0  4  1  2.671405e-01
 0  4  2  2.170702e-01
 0  4  3  1.635413e-01
 0  4  4  1.110030e-01
 0  4  5  6.327882e-02
 0  4  6  5.874277e-03
 0  4  7 -7.334307e-03
 0  4  8  4.472139e-04
 0  4  9  5.485823e-03
 0  4 10  1.123997e-02
 0  5  0  2.802968e-01
 0  5  1  2.120475e-01
 0  5  2  1.583795e-01
 0  5  3  1.053025e-01
 0  5  4  5.034846e-02
 0  5  5  0.000000e+00
 0  5  6  3.011240e-03
 0  5  7  7.721893e-03
 0  5  8  1.565249e-02
 0  5  9  2.012462e-02
 0  5 10  2.626636e-02
 0  6  0  2.295487e-01
 0  6  1  1.600653e-01
 0  6  2  1.059629e-01
 0  6  3  5.259042e-02
 0  6  4  1.334068e-02
 0  6  5  1.730981e-02
 0  6  6  1.912900e-02
 0  6  7  2.425579e-02
 0  6  8  3.282800e-02
 0  6  9  3.676957e-02
 0  6 10  4.302646e-02
 0  7  0  1.910183e-01
 0  7  1  1.236031e-01
 0  7  2  7.167313e-02
 0  7  3  2.535832e-02
 0  7  4  3.125689e-02
 0  7  5  3.503308e-02
 0  7  6  3.693495e-02
 0  7  7  4.206174e-02
 0  7  8  5.104741e-02
 0  7  9  5.441014e-02
 0  7 10  6.165932e-02
 0  8  0  1.610038e-01
 0  8  1  9.525713e-02
 0  8  2  4.330209e-02
 0  8  3  4.396362e-02
 0  8  4  5.013782e-02
 0  8  5  5.429989e-02
 0  8  6  5.595369e-02
 0  8  7  6.201764e-02
 0  8  8  7.061742e-02
 0  8  9  7.400772e-02
 0  8 10  8.139471e-02
 0  9  0  1.417300e-01
 0  9  1  7.786023e-02
 0  9  2  6.259647e-02
 0  9  3  6.358875e-02
 0  9  4  7.036935e-02
 0  9  5  7.455899e-02
 0  9  6  7.640573e-02
 0  9  7  8.235943e-02
 0  9  8  9.093164e-02
 0  9  9  9.451488e-02
 0  9 10  1.022326e-01
 0 10  0  1.384974e-01
 0 10  1  8.362734e-02
 0 10  2  8.346196e-02
 0 10  3  8.492282e-02
 0 10  4  9.167585e-02
 0 10  5  9.561742e-02
 0 10  6  9.787762e-02
 0 10  7  1.040794e-01
 0 10  8  1.127067e-01
 0 10  9  1.160143e-01
 0 10 10  1.240904e-01
 1  0  0  6.477867e-01
 1  0  1  5.808061e-01
 1  0  2  5.304228e-01
 1  0  3  4.874085e-01
 1  0  4  4.288743e-01
 1  0  5  3.859295e-01
 1  0  6  3.366412e-01
 1  0  7  2.937486e-01
 1  0  8  2.497437e-01
 1  0  9  2.118215e-01
 1  0 10  1.794783e-01
 1  1  0  5.596552e-01
 1  1  1  4.926745e-01
 1  1  2  4.397191e-01
 1  1  3  3.976955e-01
 1  1  4  3.439059e-01
 1  1  5  2.955908e-01
 1  1  6  2.436087e-01
 1  1  7  2.026973e-01
 1  1  8  1.599611e-01
 1  1  9  1.175724e-01
 1  1 10  8.470776e-02
 1  2  0  4.776934e-01
 1  2  1  4.136325e-01
 1  2  2  3.582266e-01
 1  2  3  3.110238e-01
 1  2  4  2.599107e-01
 1  2  5  2.127079e-01
 1  2  6  1.597004e-01
 1  2  7  1.179548e-01
 1  2  8  7.667843e-02
 1  2  9  3.006656e-02
 1  2 10 -3.406385e-03
 1  3  0  4.024922e-01
 1  3  1  3.351640e-01
 1  3  2  2.823129e-01
 1  3  3  2.322251e-01
 1  3  4  1.802082e-01
 1  3  5  1.343089e-01
 1  3  6  7.393246e-02
 1  3  7  3.588870e-02
 1  3  8 -5.804759e-03
 1  3  9 -1.025610e-02
 1  3 10 -4.501953e-03
 1  4  0  3.366412e-01
 1  4  1  2.680269e-01
 1  4  2  2.178349e-01
 1  4  3  1.642712e-01
 1  4  4  1.116634e-01
 1  4  5  6.388710e-02
 1  4  6  6.413042e-03
 1  4  7 -8.049849e-03
 1  4  8 -2.683283e-04
 1  4  9  4.740467e-03
 1  4 10  1.049462e-02
 1  5  0  2.802968e-01
 1  5  1  2.120475e-01
 1  5  2  1.583795e-01
 1  5  3  1.053025e-01
 1  5  4  5.034846e-02
 1  5  5  0.000000e+00
 1  5  6  3.011240e-03
 1  5  7  7.721893e-03
 1  5  8  1.565249e-02
 1  5  9  2.012462e-02
 1  5 10  2.626636e-02
 1  6  0  2.290273e-01
 1  6  1  1.600480e-01
 1  6  2  1.059803e-01
 1  6  3  5.265993e-02
 1  6  4  1.408490e-02
 1  6  5  1.805402e-02
 1  6  6  1.987321e-02
 1  6  7  2.500000e-02
 1  6  8  3.357222e-02
 1  6  9  3.754135e-02
 1  6 10  4.379824e-02
 1  7  0  1.903752e-01
 1  7  1  1.229775e-01
 1  7  2  7.101270e-02
 1  7  3  2.714994e-02
 1  7  4  3.304851e-02
 1  7  5  3.682470e-02
 1  7  6  3.875413e-02
 1  7  7  4.390849e-02
 1  7  8  5.292172e-02
 1  7  9  5.625689e-02
 1  7 10  6.353363e-02
 1  8  0  1.605694e-01
 1  8  1  9.496168e-02
 1  8  2  4.605843e-02
 1  8  3  4.671996e-02
 1  8  4  5.294928e-02
 1  8  5  5.711136e-02
 1  8  6  5.879272e-02
 1  8  7  6.488423e-02
 1  8  8  7.348401e-02
 1  8  9  7.692944e-02
 1  8 10  8.431643e-02
 1  9  0  1.414171e-01
 1  9  1  7.794713e-02
 1  9  2  6.601433e-02
 1  9  3  6.703418e-02
 1  9  4  7.384234e-02
 1  9  5  7.797685e-02
 1  9  6  7.979603e-02
 1  9  7  8.585998e-02
 1  9  8  9.445976e-02
 1  9  9  9.807056e-02
 1  9 10  1.057883e-01
 1 10  0  1.381150e-01
 1 10  1  8.809261e-02
 1 10  2  8.798236e-02
 1 10  3  8.944322e-02
 1 10  4  9.622381e-02
 1 10  5  1.001378e-01
 1 10  6  1.023705e-01
 1 10  7  1.086549e-01
 1 10  8  1.173649e-01
 1 10  9  1.206450e-01
 1 10 10  1.287486e-01
 2  0  0  6.484124e-01
 2  0  1  5.807192e-01
 2  0  2  5.306140e-01
 2  0  3  4.873738e-01
 2  0  4  4.285789e-01
 2  0  5  3.854951e-01
 2  0  6  3.358418e-01
 2  0  7  2.926884e-01
 2  0  8  2.483880e-01
 2  0  9  2.102053e-01
 2  0 10  1.770104e-01
 2  1  0  5.597421e-01
 2  1  1  4.925703e-01
 2  1  2  4.401884e-01
 2  1  3  3.972088e-01
 2  1  4  3.412989e-01
 2  1  5  2.947392e-01
 2  1  6  2.425485e-01
 2  1  7  2.016545e-01
 2  1  8  1.584838e-01
 2  1  9  1.158866e-01
 2  1 10  8.277864e-02
 2  2  0  4.762335e-01
 2  2  1  4.120510e-01
 2  2  2  3.565408e-01
 2  2  3  3.091642e-01
 2  2  4  2.579468e-01
 2  2  5  2.106224e-01
 2  2  6  1.574584e-01
 2  2  7  1.146700e-01
 2  2  8  7.412364e-02
 2  2  9  2.737274e-02
 2  2 10 -6.239246e-03
 2  3  0  4.057596e-01
 2  3  1  3.382749e-01
 2  3  2  2.851631e-01
 2  3  3  2.350232e-01
 2  3  4  1.828151e-01
 2  3  5  1.367420e-01
 2  3  6  7.667843e-02
 2  3  7  3.797424e-02
 2  3  8 -3.875632e-03
 2  3  9 -1.141886e-02
 2  3 10 -5.664709e-03
 2  4  0  3.361894e-01
 2  4  1  2.675750e-01
 2  4  2  2.173482e-01
 2  4  3  1.637498e-01
 2  4  4  1.111246e-01
 2  4  5  6.331358e-02
 2  4  6  5.787379e-03
 2  4  7 -8.735577e-03
 2  4  8 -9.540562e-04
 2  4  9  4.054739e-03
 2  4 10  9.808891e-03
 2  5  0  2.802968e-01
 2  5  1  2.120475e-01
 2  5  2  1.583795e-01
 2  5  3  1.053025e-01
 2  5  4  5.034846e-02
 2  5  5  0.000000e+00
 2  5  6  3.011240e-03
 2  5  7  7.721893e-03
 2  5  8  1.565249e-02
 2  5  9  2.012462e-02
 2  5 10  2.626636e-02
 2  6  0  2.288882e-01
 2  6  1  1.600653e-01
 2  6  2  1.059455e-01
 2  6  3  5.267731e-02
 2  6  4  1.504961e-02
 2  6  5  1.901874e-02
 2  6  6  2.083793e-02
 2  6  7  2.596472e-02
 2  6  8  3.453693e-02
 2  6  9  3.847850e-02
 2  6 10  4.476295e-02
 2  7  0  1.904795e-01
 2  7  1  1.230991e-01
 2  7  2  7.122126e-02
 2  7  3  2.907938e-02
 2  7  4  3.497795e-02
 2  7  5  3.878170e-02
 2  7  6  4.071114e-02
 2  7  7  4.586549e-02
 2  7  8  5.487872e-02
 2  7  9  5.824146e-02
 2  7 10  6.551819e-02
 2  8  0  1.603782e-01
 2  8  1  9.490954e-02
 2  8  2  4.779493e-02
 2  8  3  4.900772e-02
 2  8  4  5.523705e-02
 2  8  5  5.942668e-02
 2  8  6  6.110805e-02
 2  8  7  6.722712e-02
 2  8  8  7.582690e-02
 2  8  9  7.921720e-02
 2  8 10  8.668688e-02
 2  9  0  1.398703e-01
 2  9  1  7.716505e-02
 2  9  2  6.948732e-02
 2  9  3  7.097574e-02
 2  9  4  7.781147e-02
 2  9  5  8.200110e-02
 2  9  6  8.382029e-02
 2  9  7  8.991180e-02
 2  9  8  9.851158e-02
 2  9  9  1.021499e-01
 2  9 10  1.097850e-01
 2 10  0  1.375241e-01
 2 10  1  9.253032e-02
 2 10  2  9.208931e-02
 2 10  3  9.385336e-02
 2 10  4  1.006615e-01
 2 10  5  1.046031e-01
 2 10  6  1.068633e-01
 2 10  7  1.131753e-01
 2 10  8  1.219129e-01
 2 10  9  1.252756e-01
 2 10 10  1.333793e-01
 3  0  0  6.478041e-01
 3  0  1  5.774692e-01
 3  0  2  5.272250e-01
 3  0  3  4.836198e-01
 3  0  4  4.247206e-01
 3  0  5  3.814456e-01
 3  0  6  3.315143e-01
 3  0  7  2.881350e-01
 3  0  8  2.435218e-01
 3  0  9  2.051304e-01
 3  0 10  1.716749e-01
 3  1  0  5.596899e-01
 3  1  1  4.923096e-01
 3  1  2  4.396670e-01
 3  1  3  3.965832e-01
 3  1  4  3.403605e-01
 3  1  5  2.941483e-01
 3  1  6  2.412972e-01
 3  1  7  2.006987e-01
 3  1  8  1.557900e-01
 3  1  9  1.139054e-01
 3  1 10  8.055406e-02
 3  2  0  4.766854e-01
 3  2  1  4.121726e-01
 3  2  2  3.565234e-01
 3  2  3  3.089383e-01
 3  2  4  2.575992e-01
 3  2  5  2.101184e-01
 3  2  6  1.570761e-01
 3  2  7  1.138011e-01
 3  2  8  7.304611e-02
 3  2  9  2.612141e-02
 3  2 10 -7.664367e-03
 3  3  0  4.056032e-01
 3  3  1  3.380316e-01
 3  3  2  2.835642e-01
 3  3  3  2.346061e-01
 3  3  4  1.823111e-01
 3  3  5  1.361511e-01
 3  3  6  7.596587e-02
 3  3  7  3.781783e-02
 3  3  8 -4.831506e-03
 3  3  9 -1.365493e-02
 3  3 10 -7.960407e-03
 3  4  0  3.370757e-01
 3  4  1  2.683919e-01
 3  4  2  2.180782e-01
 3  4  3  1.644971e-01
 3  4  4  1.117329e-01
 3  4  5  6.383496e-02
 3  4  6  6.221867e-03
 3  4  7 -9.152977e-03
 3  4  8 -1.401270e-03
 3  4  9  3.607525e-03
 3  4 10  9.331862e-03
 3  5  0  2.802968e-01
 3  5  1  2.120475e-01
 3  5  2  1.583795e-01
 3  5  3  1.053025e-01
 3  5  4  5.034846e-02
 3  5  5  0.000000e+00
 3  5  6  3.011240e-03
 3  5  7  7.721893e-03
 3  5  8  1.565249e-02
 3  5  9  2.012462e-02
 3  5 10  2.626636e-02
 3  6  0  2.287840e-01
 3  6  1  1.599958e-01
 3  6  2  1.059629e-01
 3  6  3  5.274683e-02
 3  6  4  1.604190e-02
 3  6  5  2.001103e-02
 3  6  6  2.185777e-02
 3  6  7  2.698456e-02
 3  6  8  3.558434e-02
 3  6  9  3.952591e-02
 3  6 10  4.583793e-02
 3  7  0  1.899755e-01
 3  7  1  1.227341e-01
 3  7  2  7.097795e-02
 3  7  3  3.067806e-02
 3  7  4  3.646637e-02
 3  7  5  4.040794e-02
 3  7  6  4.236494e-02
 3  7  7  4.751929e-02
 3  7  8  5.653252e-02
 3  7  9  5.989526e-02
 3  7 10  6.719956e-02
 3  8  0  1.603260e-01
 3  8  1  9.490954e-02
 3  8  2  5.071665e-02
 3  8  3  5.192944e-02
 3  8  4  5.818633e-02
 3  8  5  6.243109e-02
 3  8  6  6.408490e-02
 3  8  7  7.020397e-02
 3  8  8  7.883131e-02
 3  8  9  8.222161e-02
 3  8 10  8.969129e-02
 3  9  0  1.404786e-01
 3  9  1  7.805141e-02
 3  9  2  7.257442e-02
 3  9  3  7.411797e-02
 3  9  4  8.100882e-02
 3  9  5  8.514333e-02
 3  9  6  8.690739e-02
 3  9  7  9.308159e-02
 3  9  8  1.017089e-01
 3  9  9  1.053473e-01
 3  9 10  1.129548e-01
 3 10  0  1.368637e-01
 3 10  1  9.680265e-02
 3 10  2  9.636163e-02
 3 10  3  9.823594e-02
 3 10  4  1.049890e-01
 3 10  5  1.083793e-01
 3 10  6  1.112459e-01
 3 10  7  1.175854e-01
 3 10  8  1.263506e-01
 3 10  9  1.297133e-01
 3 10 10  1.378170e-01
 4  0  0  6.426076e-01
 4  0  1  5.746190e-01
 4  0  2  5.236970e-01
 4  0  3  4.803351e-01
 4  0  4  4.205495e-01
 4  0  5  3.776743e-01
 4  0  6  3.274475e-01
 4  0  7  2.837901e-01
 4  0  8  2.388641e-01
 4  0  9  2.002468e-01
 4  0 10  1.664610e-01
 4  1  0  5.593076e-01
 4  1  1  4.917013e-01
 4  1  2  4.388676e-01
 4  1  3  3.955578e-01
 4  1  4  3.391265e-01
 4  1  5  2.926884e-01
 4  1  6  2.395940e-01
 4  1  7  1.987522e-01
 4  1  8  1.535828e-01
 4  1  9  1.114722e-01
 4  1 10  7.784285e-02
 4  2  0  4.769461e-01
 4  2  1  4.122248e-01
 4  2  2  3.563844e-01
 4  2  3  3.085907e-01
 4  2  4  2.570778e-01
 4  2  5  2.093884e-01
 4  2  6  1.561550e-01
 4  2  7  1.126714e-01
 4  2  8  7.172526e-02
 4  2  9  2.457464e-02
 4  2 10 -9.419698e-03
 4  3  0  4.061767e-01
 4  3  1  3.384661e-01
 4  3  2  2.838596e-01
 4  3  3  2.349015e-01
 4  3  4  1.823459e-01
 4  3  5  1.360642e-01
 4  3  6  7.572255e-02
 4  3  7  3.743548e-02
 4  3  8 -5.352891e-03
 4  3  9 -1.511583e-02
 4  3 10 -9.421305e-03
 4  4  0  3.364674e-01
 4  4  1  2.677315e-01
 4  4  2  2.173656e-01
 4  4  3  1.630199e-01
 4  4  4  1.109161e-01
 4  4  5  6.296599e-02
 4  4  6  4.275361e-03
 4  4  7 -9.868519e-03
 4  4  8 -2.146627e-03
 4  4  9  2.862169e-03
 4  4 10  8.586506e-03
 4  5  0  2.802968e-01
 4  5  1  2.120475e-01
 4  5  2  1.583795e-01
 4  5  3  1.053025e-01
 4  5  4  5.034846e-02
 4  5  5  0.000000e+00
 4  5  6  3.011240e-03
 4  5  7  7.721893e-03
 4  5  8  1.565249e-02
 4  5  9  2.012462e-02
 4  5 10  2.626636e-02
 4  6  0  2.293053e-01
 4  6  1  1.605694e-01
 4  6  2  1.065712e-01
 4  6  3  5.340725e-02
 4  6  4  1.675854e-02
 4  6  5  2.075524e-02
 4  6  6  2.257442e-02
 4  6  7  2.772878e-02
 4  6  8  3.630099e-02
 4  6  9  4.027012e-02
 4  6 10  4.658214e-02
 4  7  0  1.892456e-01
 4  7  1  1.226646e-01
 4  7  2  7.104746e-02
 4  7  3  3.222161e-02
 4  7  4  3.817530e-02
 4  7  5  4.211687e-02
 4  7  6  4.407387e-02
 4  7  7  4.925579e-02
 4  7  8  5.826902e-02
 4  7  9  6.163175e-02
 4  7 10  6.893605e-02
 4  8  0  1.603087e-01
 4  8  1  9.508333e-02
 4  8  2  5.333517e-02
 4  8  3  5.457552e-02
 4  8  4  6.083241e-02
 4  8  5  6.510474e-02
 4  8  6  6.675854e-02
 4  8  7  7.287762e-02
 4  8  8  8.147740e-02
 4  8  9  8.495039e-02
 4  8 10  9.244763e-02
 4  9  0  1.417473e-01
 4  9  1  7.813831e-02
 4  9  2  7.659868e-02
 4  9  3  7.808710e-02
 4  9  4  8.497795e-02
 4  9  5  8.908490e-02
 4  9  6  9.095921e-02
 4  9  7  9.713341e-02
 4  9  8  1.058434e-01
 4  9  9  1.093716e-01
 4  9 10  1.170342e-01
 4 10  0  1.364292e-01
 4 10  1  1.019294e-01
 4 10  2  1.015160e-01
 4 10  3  1.033352e-01
 4 10  4  1.098401e-01
 4 10  5  1.135888e-01
 4 10  6  1.164553e-01
 4 10  7  1.228225e-01
 4 10  8  1.313947e-01
 4 10  9  1.350055e-01
 4 10 10  1.431092e-01
 5  0  0  6.402614e-01
 5  0  1  5.719773e-01
 5  0  2  5.208641e-01
 5  0  3  4.772415e-01
 5  0  4  4.171779e-01
 5  0  5  3.728949e-01
 5  0  6  3.235371e-01
 5  0  7  2.796017e-01
 5  0  8  2.343280e-01
 5  0  9  1.958672e-01
 5  0 10  1.607084e-01
 5  1  0  5.590817e-01
 5  1  1  4.911973e-01
 5  1  2  4.381550e-01
 5  1  3  3.947410e-01
 5  1  4  3.379099e-01
 5  1  5  2.912459e-01
 5  1  6  2.378734e-01
 5  1  7  1.969447e-01
 5  1  8  1.503328e-01
 5  1  9  1.113853e-01
 5  1 10  7.586159e-02
 5  2  0  4.762335e-01
 5  2  1  4.113210e-01
 5  2  2  3.553068e-01
 5  2  3  3.069744e-01
 5  2  4  2.556353e-01
 5  2  5  2.077895e-01
 5  2  6  1.543127e-01
 5  2  7  1.106554e-01
 5  2  8  6.951807e-02
 5  2  9  2.215888e-02
 5  2 10 -1.174855e-02
 5  3  0  4.061941e-01
 5  3  1  3.383618e-01
 5  3  2  2.825214e-01
 5  3  3  2.345366e-01
 5  3  4  1.822590e-01
 5  3  5  1.354212e-01
 5  3  6  7.494048e-02
 5  3  7  3.651436e-02
 5  3  8 -6.413042e-03
 5  3  9 -1.618914e-02
 5  3 10 -1.052443e-02
 5  4  0  3.361025e-01
 5  4  1  2.673143e-01
 5  4  2  2.169137e-01
 5  4  3  1.624985e-01
 5  4  4  1.103426e-01
 5  4  5  6.227081e-02
 5  4  6  2.606927e-03
 5  4  7 -1.049462e-02
 5  4  8 -2.742912e-03
 5  4  9  2.236069e-03
 5  4 10  7.960407e-03
 5  5  0  2.802968e-01
 5  5  1  2.120475e-01
 5  5  2  1.583795e-01
 5  5  3  1.053025e-01
 5  5  4  5.034846e-02
 5  5  5  0.000000e+00
 5  5  6  3.011240e-03
 5  5  7  7.721893e-03
 5  5  8  1.565249e-02
 5  5  9  2.012462e-02
 5  5 10  2.626636e-02
 5  6  0  2.297051e-01
 5  6  1  1.610212e-01
 5  6  2  1.070752e-01
 5  6  3  5.396340e-02
 5  6  4  1.750276e-02
 5  6  5  2.119625e-02
 5  6  6  2.331863e-02
 5  6  7  2.847299e-02
 5  6  8  3.707277e-02
 5  6  9  4.101433e-02
 5  6 10  4.732635e-02
 5  7  0  1.895410e-01
 5  7  1  1.231165e-01
 5  7  2  7.158623e-02
 5  7  3  3.382029e-02
 5  7  4  3.977398e-02
 5  7  5  4.382580e-02
 5  7  6  4.570011e-02
 5  7  7  5.085447e-02
 5  7  8  5.989526e-02
 5  7  9  6.325799e-02
 5  7 10  7.017641e-02
 5  8  0  1.609517e-01
 5  8  1  9.591755e-02
 5  8  2  5.559537e-02
 5  8  3  5.653252e-02
 5  8  4  6.312018e-02
 5  8  5  6.733738e-02
 5  8  6  6.912900e-02
 5  8  7  7.519294e-02
 5  8  8  8.387541e-02
 5  8  9  8.729327e-02
 5  8 10  9.479052e-02
 5  9  0  1.392099e-01
 5  9  1  7.993385e-02
 5  9  2  8.009923e-02
 5  9  3  8.161521e-02
 5  9  4  8.850606e-02
 5  9  5  9.239250e-02
 5  9  6  9.457001e-02
 5  9  7  1.007166e-01
 5  9  8  1.094267e-01
 5  9  9  1.129548e-01
 5  9 10  1.206174e-01
 5 10  0  1.373503e-01
 5 10  1  1.065601e-01
 5 10  2  1.061466e-01
 5 10  3  1.079934e-01
 5 10  4  1.145535e-01
 5 10  5  1.177784e-01
 5 10  6  1.211136e-01
 5 10  7  1.275083e-01
 5 10  8  1.361080e-01
 5 10  9  1.396913e-01
 5 10 10  1.478501e-01
 6  0  0  6.388536e-01
 6  0  1  5.702219e-01
 6  0  2  5.188307e-01
 6  0  3  4.751560e-01
 6  0  4  4.144667e-01
 6  0  5  3.699578e-01
 6  0  6  3.202697e-01
 6  0  7  2.763517e-01
 6  0  8  2.308347e-01
 6  0  9  1.916265e-01
 6  0 10  1.561376e-01
 6  1  0  5.587688e-01
 6  1  1  4.891639e-01
 6  1  2  4.359130e-01
 6  1  3  3.924990e-01
 6  1  4  3.353204e-01
 6  1  5  2.882914e-01
 6  1  6  2.346582e-01
 6  1  7  1.934688e-01
 6  1  8  1.464746e-01
 6  1  9  1.073011e-01
 6  1 10  7.156885e-02
 6  2  0  4.756774e-01
 6  2  1  4.105737e-01
 6  2  2  3.542641e-01
 6  2  3  3.058447e-01
 6  2  4  2.542971e-01
 6  2  5  2.057213e-01
 6  2  6  1.525400e-01
 6  2  7  1.086741e-01
 6  2  8  6.732825e-02
 6  2  9  1.974313e-02
 6  2 10 -1.439024e-02
 6  3  0  4.045082e-01
 6  3  1  3.365370e-01
 6  3  2  2.805923e-01
 6  3  3  2.324858e-01
 6  3  4  1.800866e-01
 6  3  5  1.331619e-01
 6  3  6  7.252472e-02
 6  3  7  3.394220e-02
 6  3  8 -9.089487e-03
 6  3  9 -1.750097e-02
 6  3 10 -1.183626e-02
 6  4  0  3.374928e-01
 6  4  1  2.686352e-01
 6  4  2  2.181303e-01
 6  4  3  1.636281e-01
 6  4  4  1.113853e-01
 6  4  5  6.320930e-02
 6  4  6  3.441144e-03
 6  4  7 -1.118035e-02
 6  4  8 -3.398825e-03
 6  4  9  1.550341e-03
 6  4 10  7.244864e-03
 6  5  0  2.802968e-01
 6  5  1  2.120475e-01
 6  5  2  1.583795e-01
 6  5  3  1.053025e-01
 6  5  4  5.034846e-02
 6  5  5  0.000000e+00
 6  5  6  3.011240e-03
 6  5  7  7.721893e-03
 6  5  8  1.565249e-02
 6  5  9  2.012462e-02
 6  5 10  2.626636e-02
 6  6  0  2.294270e-01
 6  6  1  1.608474e-01
 6  6  2  1.069883e-01
 6  6  3  5.396340e-02
 6  6  4  1.824697e-02
 6  6  5  2.196803e-02
 6  6  6  2.409041e-02
 6  6  7  2.905182e-02
 6  6  8  3.784454e-02
 6  6  9  4.178611e-02
 6  6 10  4.807056e-02
 6  7  0  1.903405e-01
 6  7  1  1.240202e-01
 6  7  2  7.261162e-02
 6  7  3  3.522602e-02
 6  7  4  4.117971e-02
 6  7  5  4.523153e-02
 6  7  6  4.710584e-02
 6  7  7  5.228776e-02
 6  7  8  6.130099e-02
 6  7  9  6.469129e-02
 6  7 10  7.160970e-02
 6  8  0  1.594049e-01
 6  8  1  9.583065e-02
 6  8  2  5.804851e-02
 6  8  3  5.887541e-02
 6  8  4  6.557332e-02
 6  8  5  6.984564e-02
 6  8  6  7.169239e-02
 6  8  7  7.761852e-02
 6  8  8  8.635612e-02
 6  8  9  8.977398e-02
 6  8 10  9.729879e-02
 6  9  0  1.414693e-01
 6  9  1  8.354465e-02
 6  9  2  8.371003e-02
 6  9  3  8.525358e-02
 6  9  4  9.206174e-02
 6  9  5  9.603087e-02
 6  9  6  9.820838e-02
 6  9  7  1.044101e-01
 6  9  8  1.131202e-01
 6  9  9  1.166207e-01
 6  9 10  1.242834e-01
 6 10  0  1.385495e-01
 6 10  1  1.107222e-01
 6 10  2  1.103914e-01
 6 10  3  1.122381e-01
 6 10  4  1.187982e-01
 6 10  5  1.221058e-01
 6 10  6  1.253859e-01
 6 10  7  1.317806e-01
 6 10  8  1.403804e-01
 6 10  9  1.439912e-01
 6 10 10  1.521224e-01
 7  0  0  6.398269e-01
 7  0  1  5.708476e-01
 7  0  2  5.191262e-01
 7  0  3  4.751212e-01
 7  0  4  4.140670e-01
 7  0  5  3.706008e-01
 7  0  6  3.191748e-01
 7  0  7  2.748571e-01
 7  0  8  2.289751e-01
 7  0  9  1.893846e-01
 7  0 10  1.535133e-01
 7  1  0  5.571873e-01
 7  1  1  4.879473e-01
 7  1  2  4.343663e-01
 7  1  3  3.907089e-01
 7  1  4  3.313231e-01
 7  1  5  2.859799e-01
 7  1  6  2.314952e-01
 7  1  7  1.906012e-01
 7  1  8  1.433289e-01
 7  1  9  1.038947e-01
 7  1 10  6.828412e-02
 7  2  0  4.740785e-01
 7  2  1  4.087836e-01
 7  2  2  3.522828e-01
 7  2  3  3.036897e-01
 7  2  4  2.519682e-01
 7  2  5  2.032187e-01
 7  2  6  1.498636e-01
 7  2  7  1.057891e-01
 7  2  8  6.414780e-02
 7  2  9  1.645840e-02
 7  2 10 -1.788352e-02
 7  3  0  4.018492e-01
 7  3  1  3.348511e-01
 7  3  2  2.787848e-01
 7  3  3  2.305393e-01
 7  3  4  1.780358e-01
 7  3  5  1.309894e-01
 7  3  6  7.023063e-02
 7  3  7  3.194355e-02
 7  3  8 -1.166166e-02
 7  3  9 -1.848484e-02
 7  3 10 -1.320772e-02
 7  4  0  3.362589e-01
 7  4  1  2.673491e-01
 7  4  2  2.167921e-01
 7  4  3  1.622552e-01
 7  4  4  1.099428e-01
 7  4  5  6.169728e-02
 7  4  6  1.894367e-03
 7  4  7 -1.153812e-02
 7  4  8 -3.786411e-03
 7  4  9  1.192570e-03
 7  4 10  6.857279e-03
 7  5  0  2.802968e-01
 7  5  1  2.120475e-01
 7  5  2  1.583795e-01
 7  5  3  1.053025e-01
 7  5  4  5.034846e-02
 7  5  5  0.000000e+00
 7  5  6  3.011240e-03
 7  5  7  7.721893e-03
 7  5  8  1.565249e-02
 7  5  9  2.012462e-02
 7  5 10  2.626636e-02
 7  6  0  2.284016e-01
 7  6  1  1.618033e-01
 7  6  2  1.080137e-01
 7  6  3  5.502355e-02
 7  6  4  1.912900e-02
 7  6  5  2.282249e-02
 7  6  6  2.494487e-02
 7  6  7  2.993385e-02
 7  6  8  3.869901e-02
 7  6  9  4.266814e-02
 7  6 10  4.895259e-02
 7  7  0  1.912616e-01
 7  7  1  1.250978e-01
 7  7  2  7.382819e-02
 7  7  3  3.701764e-02
 7  7  4  4.297133e-02
 7  7  5  4.702315e-02
 7  7  6  4.859427e-02
 7  7  7  5.410695e-02
 7  7  8  6.312018e-02
 7  7  9  6.648291e-02
 7  7 10  7.342889e-02
 7  8  0  1.610907e-01
 7  8  1  9.763812e-02
 7  8  2  6.063947e-02
 7  8  3  6.146637e-02
 7  8  4  6.819184e-02
 7  8  5  7.243660e-02
 7  8  6  7.428335e-02
 7  8  7  8.020948e-02
 7  8  8  8.894708e-02
 7  8  9  9.239250e-02
 7  8 10  9.994487e-02
 7  9  0  1.423382e-01
 7  9  1  8.729327e-02
 7  9  2  8.745865e-02
 7  9  3  8.900221e-02
 7  9  4  9.581036e-02
 7  9  5  9.977949e-02
 7  9  6  1.019570e-01
 7  9  7  1.081588e-01
 7  9  8  1.168137e-01
 7  9  9  1.203693e-01
 7  9 10  1.280320e-01
 7 10  0  1.374198e-01
 7 10  1  1.148567e-01
 7 10  2  1.144983e-01
 7 10  3  1.163727e-01
 7 10  4  1.229327e-01
 7 10  5  1.262679e-01
 7 10  6  1.295480e-01
 7 10  7  1.359427e-01
 7 10  8  1.445700e-01
 7 10  9  1.481808e-01
 7 10 10  1.563120e-01
 8  0  0  6.363162e-01
 8  0  1  5.667982e-01
 8  0  2  5.148160e-01
 8  0  3  4.704809e-01
 8  0  4  4.088531e-01
 8  0  5  3.655086e-01
 8  0  6  3.136655e-01
 8  0  7  2.690349e-01
 8  0  8  2.219712e-01
 8  0  9  1.835625e-01
 8  0 10  1.467353e-01
 8  1  0  5.509307e-01
 8  1  1  4.814300e-01
 8  1  2  4.298997e-01
 8  1  3  3.842611e-01
 8  1  4  3.234502e-01
 8  1  5  2.786805e-01
 8  1  6  2.238829e-01
 8  1  7  1.828499e-01
 8  1  8  1.352995e-01
 8  1  9  9.504858e-02
 8  1 10  6.011575e-02
 8  2  0  4.729488e-01
 8  2  1  4.069066e-01
 8  2  2  3.502146e-01
 8  2  3  3.033421e-01
 8  2  4  2.495351e-01
 8  2  5  2.005944e-01
 8  2  6  1.470307e-01
 8  2  7  1.027477e-01
 8  2  8  6.091521e-02
 8  2  9  1.299988e-02
 8  2 10 -2.153322e-02
 8  3  0  4.001807e-01
 8  3  1  3.331827e-01
 8  3  2  2.775683e-01
 8  3  3  2.286275e-01
 8  3  4  1.759850e-01
 8  3  5  1.288170e-01
 8  3  6  6.791915e-02
 8  3  7  2.951042e-02
 8  3  8 -1.425120e-02
 8  3  9 -1.985630e-02
 8  3 10 -1.457917e-02
 8  4  0  3.361025e-01
 8  4  1  2.671058e-01
 8  4  2  2.164619e-01
 8  4  3  1.618381e-01
 8  4  4  1.094562e-01
 8  4  5  6.112376e-02
 8  4  6  8.863553e-04
 8  4  7 -1.198533e-02
 8  4  8 -4.203810e-03
 8  4  9  7.453564e-04
 8  4 10  6.439880e-03
 8  5  0  2.802968e-01
 8  5  1  2.120475e-01
 8  5  2  1.583795e-01
 8  5  3  1.053025e-01
 8  5  4  5.034846e-02
 8  5  5  0.000000e+00
 8  5  6  3.011240e-03
 8  5  7  7.721893e-03
 8  5  8  1.565249e-02
 8  5  9  2.012462e-02
 8  5 10  2.626636e-02
 8  6  0  2.290273e-01
 8  6  1  1.624985e-01
 8  6  2  1.087610e-01
 8  6  3  5.582301e-02
 8  6  4  1.992834e-02
 8  6  5  2.362183e-02
 8  6  6  2.574421e-02
 8  6  7  3.073319e-02
 8  6  8  3.952591e-02
 8  6  9  4.346748e-02
 8  6 10  4.977949e-02
 8  7  0  1.925129e-01
 8  7  1  1.264707e-01
 8  7  2  7.535758e-02
 8  7  3  3.853363e-02
 8  7  4  4.448732e-02
 8  7  5  4.853914e-02
 8  7  6  5.008269e-02
 8  7  7  5.559537e-02
 8  7  8  6.463616e-02
 8  7  9  6.799890e-02
 8  7 10  7.494487e-02
 8  8  0  1.622030e-01
 8  8  1  9.835068e-02
 8  8  2  6.317530e-02
 8  8  3  6.402977e-02
 8  8  4  7.072767e-02
 8  8  5  7.497244e-02
 8  8  6  7.681918e-02
 8  8  7  8.274531e-02
 8  8  8  9.142778e-02
 8  8  9  9.492834e-02
 8  8 10  1.024807e-01
 8  9  0  1.444585e-01
 8  9  1  9.043550e-02
 8  9  2  9.060088e-02
 8  9  3  9.214443e-02
 8  9  4  9.898015e-02
 8  9  5  1.028666e-01
 8  9  6  1.051268e-01
 8  9  7  1.113286e-01
 8  9  8  1.200110e-01
 8  9  9  1.236218e-01
 8  9 10  1.312293e-01
 8 10  0  1.400963e-01
 8 10  1  1.181918e-01
 8 10  2  1.184123e-01
 8 10  3  1.203969e-01
 8 10  4  1.270121e-01
 8 10  5  1.302370e-01
 8 10  6  1.335447e-01
 8 10  7  1.399669e-01
 8 10  8  1.480981e-01
 8 10  9  1.522051e-01
 8 10 10  1.603363e-01
 9  0  0  6.325970e-01
 9  0  1  5.627487e-01
 9  0  2  5.105059e-01
 9  0  3  4.658579e-01
 9  0  4  4.038826e-01
 9  0  5  3.602948e-01
 9  0  6  3.084517e-01
 9  0  7  2.631433e-01
 9  0  8  2.161838e-01
 9  0  9  1.769061e-01
 9  0 10  1.398356e-01
 9  1  0  5.469855e-01
 9  1  1  4.772241e-01
 9  1  2  4.255027e-01
 9  1  3  3.797772e-01
 9  1  4  3.185144e-01
 9  1  5  2.735710e-01
 9  1  6  2.188429e-01
 9  1  7  1.772363e-01
 9  1  8  1.294079e-01
 9  1  9  8.894837e-02
 9  1 10  5.375484e-02
 9  2  0  4.706547e-01
 9  2  1  4.038131e-01
 9  2  2  3.465128e-01
 9  2  3  2.999009e-01
 9  2  4  2.459028e-01
 9  2  5  1.968056e-01
 9  2  6  1.430508e-01
 9  2  7  9.855924e-02
 9  2  8  5.651819e-02
 9  2  9  8.411686e-03
 9  2 10 -2.631259e-02
 9  3  0  3.979040e-01
 9  3  1  3.303672e-01
 9  3  2  2.746659e-01
 9  3  3  2.255861e-01
 9  3  4  1.728393e-01
 9  3  5  1.255844e-01
 9  3  6  6.454752e-02
 9  3  7  2.599976e-02
 9  3  8 -1.788352e-02
 9  3  9 -2.084017e-02
 9  3 10 -1.559286e-02
 9  4  0  3.347121e-01
 9  4  1  2.656459e-01
 9  4  2  2.149672e-01
 9  4  3  1.602565e-01
 9  4  4  1.078225e-01
 9  4  5  5.945533e-02
 9  4  6 -8.515963e-04
 9  4  7 -1.276050e-02
 9  4  8 -5.008795e-03
 9  4  9 -5.962851e-05
 9  4 10  5.634895e-03
 9  5  0  2.802968e-01
 9  5  1  2.120475e-01
 9  5  2  1.583795e-01
 9  5  3  1.053025e-01
 9  5  4  5.034846e-02
 9  5  5  0.000000e+00
 9  5  6  3.011240e-03
 9  5  7  7.721893e-03
 9  5  8  1.565249e-02
 9  5  9  2.012462e-02
 9  5 10  2.626636e-02
 9  6  0  2.295834e-01
 9  6  1  1.631415e-01
 9  6  2  1.094910e-01
 9  6  3  5.663984e-02
 9  6  4  2.064498e-02
 9  6  5  2.433848e-02
 9  6  6  2.646086e-02
 9  6  7  3.144983e-02
 9  6  8  4.024256e-02
 9  6  9  4.421169e-02
 9  6 10  5.049614e-02
 9  7  0  1.943378e-01
 9  7  1  1.284346e-01
 9  7  2  7.770382e-02
 9  7  3  4.002205e-02
 9  7  4  4.597574e-02
 9  7  5  5.005513e-02
 9  7  6  5.157111e-02
 9  7  7  5.708379e-02
 9  7  8  6.612459e-02
 9  7  9  6.948732e-02
 9  7 10  7.640573e-02
 9  8  0  1.644102e-01
 9  8  1  1.007838e-01
 9  8  2  6.582139e-02
 9  8  3  6.667585e-02
 9  8  4  7.340132e-02
 9  8  5  7.764609e-02
 9  8  6  7.952040e-02
 9  8  7  8.541896e-02
 9  8  8  9.410143e-02
 9  8  9  9.762955e-02
 9  8 10  1.051544e-01
 9  9  0  1.465267e-01
 9  9  1  9.401874e-02
 9  9  2  9.421169e-02
 9  9  3  9.570011e-02
 9  9  4  1.025358e-01
 9  9  5  1.064223e-01
 9  9  6  1.086825e-01
 9  9  7  1.148842e-01
 9  9  8  1.235391e-01
 9  9  9  1.271499e-01
 9  9 10  1.347299e-01
 9 10  0  1.431551e-01
 9 10  1  1.219129e-01
 9 10  2  1.221058e-01
 9 10  3  1.241180e-01
 9 10  4  1.307332e-01
 9 10  5  1.340408e-01
 9 10  6  1.372657e-01
 9 10  7  1.436880e-01
 9 10  8  1.518467e-01
 9 10  9  1.559813e-01
 9 10 10  1.640573e-01
10  0  0  6.298684e-01
10  0  1  5.598464e-01
10  0  2  5.070300e-01
10  0  3  4.620518e-01
10  0  4  3.997115e-01
10  0  5  3.558108e-01
10  0  6  3.036202e-01
10  0  7  2.569040e-01
10  0  8  2.111437e-01
10  0  9  1.710318e-01
10  0 10  1.335963e-01
10  1  0  5.436834e-01
10  1  1  4.736787e-01
10  1  2  4.216966e-01
10  1  3  3.757104e-01
10  1  4  3.145519e-01
10  1  5  2.689828e-01
10  1  6  2.139592e-01
10  1  7  1.720746e-01
10  1  8  1.239333e-01
10  1  9  8.316099e-02
10  1 10  4.774153e-02
10  2  0  4.675611e-01
10  2  1  4.004588e-01
10  2  2  3.431064e-01
10  2  3  2.954344e-01
10  2  4  2.421314e-01
10  2  5  1.922696e-01
10  2  6  1.389145e-01
10  2  7  9.423174e-02
10  2  8  5.057439e-02
10  2  9  3.667078e-03
10  2 10 -3.126575e-02
10  3  0  3.957837e-01
10  3  1  3.281253e-01
10  3  2  2.723023e-01
10  3  3  2.231009e-01
10  3  4  1.702497e-01
10  3  5  1.228558e-01
10  3  6  6.386972e-02
10  3  7  2.301048e-02
10  3  8 -2.101184e-02
10  3  9 -2.191348e-02
10  3 10 -1.669598e-02
10  4  0  3.334955e-01
10  4  1  2.643424e-01
10  4  2  2.136290e-01
10  4  3  1.588662e-01
10  4  4  1.063626e-01
10  4  5  5.792593e-02
10  4  6 -2.450512e-03
10  4  7 -1.314809e-02
10  4  8 -5.396381e-03
10  4  9 -4.173996e-04
10  4 10  5.247309e-03
10  5  0  2.802968e-01
10  5  1  2.120475e-01
10  5  2  1.583795e-01
10  5  3  1.053025e-01
10  5  4  5.034846e-02
10  5  5  0.000000e+00
10  5  6  3.011240e-03
10  5  7  7.721893e-03
10  5  8  1.565249e-02
10  5  9  2.012462e-02
10  5 10  2.626636e-02
10  6  0  2.306783e-01
10  6  1  1.642538e-01
10  6  2  1.107075e-01
10  6  3  5.790855e-02
10  6  4  2.149945e-02
10  6  5  2.519294e-02
10  6  6  2.734289e-02
10  6  7  3.233186e-02
10  6  8  4.109702e-02
10  6  9  4.506615e-02
10  6 10  5.135061e-02
10  7  0  1.959193e-01
10  7  1  1.301726e-01
10  7  2  7.958081e-02
10  7  3  4.071114e-02
10  7  4  4.724366e-02
10  7  5  5.135061e-02
10  7  6  5.286659e-02
10  7  7  5.837927e-02
10  7  8  6.742007e-02
10  7  9  7.078280e-02
10  7 10  7.819735e-02
10  8  0  1.665305e-01
10  8  1  1.031301e-01
10  8  2  6.775083e-02
10  8  3  6.896362e-02
10  8  4  7.563396e-02
10  8  5  7.987872e-02
10  8  6  8.178060e-02
10  8  7  8.765160e-02
10  8  8  9.633407e-02
10  8  9  9.988975e-02
10  8 10  1.073870e-01
10  9  0  1.493596e-01
10  9  1  9.716097e-02
10  9  2  9.735391e-02
10  9  3  9.886990e-02
10  9  4  1.057056e-01
10  9  5  1.095921e-01
10  9  6  1.118523e-01
10  9  7  1.180540e-01
10  9  8  1.267365e-01
10  9  9  1.299890e-01
10  9 10  1.380375e-01
10 10  0  1.468222e-01
10 10  1  1.259647e-01
10 10  2  1.261577e-01
10 10  3  1.282525e-01
10 10  4  1.347850e-01
10 10  5  1.381202e-01
10 10  6  1.413451e-01
10 10  7  1.477122e-01
10 10  8  1.554024e-01
10 10  9  1.600055e-01
10 10 10  1.680816e-01
